27.04652 18.34345 1.27812
27.9904 18.99198 1.3319
28.96721 19.18119 1.38793
29.97811 19.9235 1.44633
31.02429 21.26897 1.50718
32.10699 21.68787 1.57059
33.22746 22.74028 1.63667
34.38704 23.19812 1.70553
35.58708 24.08373 1.77729
36.82901 24.53556 1.85206
38.11427 25.72919 1.92999
39.44439 26.53356 2.01119
40.82093 26.9893 2.0958
42.2455 27.93582 2.18398
43.71979 29.30237 2.27587
45.24553 30.45766 2.37162
46.82452 30.94692 2.4714
48.45861 33.03999 2.57538
50.14972 34.40813 2.68374
51.89986 35.54362 2.79665
53.71107 36.1134 2.91431
55.58548 36.60441 3.03693
57.52532 39.56121 3.1647
59.53284 40.44782 3.29785
61.61043 41.99425 3.4366
63.76052 43.32455 3.58119
65.98565 43.79464 3.73186
68.28842 46.9773 3.88887
70.67157 47.7023 4.05249
73.13787 49.03989 4.22299
75.69025 50.64432 4.40066
78.3317 53.00183 4.58581
81.06533 55.49025 4.77875
83.89437 55.75458 4.97981
86.82213 57.31217 5.18933
89.85206 60.71891 5.40766
92.98773 61.44776 5.63518
96.23283 65.40537 5.87226
99.59118 67.16413 6.11933
103.06673 70.11763 6.37679
106.66357 71.30429 6.64508
110.38593 72.93696 6.92466
114.2382 77.25113 7.216
118.2249 80.61332 7.5196
122.35073 82.28631 7.83597
126.62055 87.42987 8.16566
131.03938 90.04218 8.50921
135.61241 89.66244 8.86722
140.34503 93.09216 9.24029
145.24282 95.63642 9.62906
150.31152 101.56859 10.03419
155.55712 106.9741 10.45636
160.98578 106.75232 10.89629
166.60389 110.15725 11.35473
172.41806 113.57557 11.83246
178.43513 121.6671 12.33029
184.66219 127.20659 12.84906
191.10656 129.21509 13.38966
197.77583 130.99984 13.95301
204.67784 138.8393 14.54005
211.82072 145.79004 15.1518
219.21288 150.28674 15.78928
226.86301 154.56452 16.45359
234.78011 161.07763 17.14584
242.9735 164.5887 17.86722
251.45283 169.16661 18.61895
260.22808 173.12204 19.40231
269.30956 180.86227 20.21862
278.70797 188.10049 21.06928
288.43436 191.50813 21.95573
298.50019 199.07423 22.87948
308.9173 209.02777 23.84209
319.69795 220.53448 24.8452
330.85482 225.08425 25.89052
342.40105 234.87511 26.97981
354.35021 233.40849 28.11494
366.71639 244.7228 29.29782
379.51412 249.91693 30.53047
392.75846 260.49863 31.81498
406.46501 279.22133 33.15354
420.64989 288.36828 34.54841
435.3298 297.9853 36.00197
450.52201 299.41447 37.51669
466.24441 322.26912 39.09513
482.51548 322.22624 40.73999
499.35439 338.95635 42.45405
516.78094 349.96541 44.24022
534.81564 363.6167 46.10154
553.47973 376.22399 48.04118
572.79515 384.42091 50.06242
592.78465 392.1548 52.16871
613.47175 418.50694 54.36361
634.88079 419.7595 56.65085
657.03696 448.77362 59.03433
679.96635 469.18352 61.51809
703.69592 478.6708 64.10635
728.25362 498.46637 66.8035
753.66834 520.66882 69.61414
779.96998 524.05529 72.54302
807.1895 537.58874 75.59513
