27.04652 18.34345
27.9904 18.99198
28.96721 19.18119
29.97811 19.9235
31.02429 21.26897
32.10699 21.68787
33.22746 22.74028
34.38704 23.19812
35.58708 24.08373
36.82901 24.53556
38.11427 25.72919
39.44439 26.53356
40.82093 26.9893
42.2455 27.93582
43.71979 29.30237
45.24553 30.45766
46.82452 30.94692
48.45861 33.03999
50.14972 34.40813
51.89986 35.54362
53.71107 36.1134
55.58548 36.60441
57.52532 39.56121
59.53284 40.44782
61.61043 41.99425
63.76052 43.32455
65.98565 43.79464
68.28842 46.9773
70.67157 47.7023
73.13787 49.03989
75.69025 50.64432
78.3317 53.00183
81.06533 55.49025
83.89437 55.75458
86.82213 57.31217
89.85206 60.71891
92.98773 61.44776
96.23283 65.40537
99.59118 67.16413
103.06673 70.11763
106.66357 71.30429
110.38593 72.93696
114.2382 77.25113
118.2249 80.61332
122.35073 82.28631
126.62055 87.42987
131.03938 90.04218
135.61241 89.66244
140.34503 93.09216
145.24282 95.63642
150.31152 101.56859
155.55712 106.9741
160.98578 106.75232
166.60389 110.15725
172.41806 113.57557
178.43513 121.6671
184.66219 127.20659
191.10656 129.21509
197.77583 130.99984
204.67784 138.8393
211.82072 145.79004
219.21288 150.28674
226.86301 154.56452
234.78011 161.07763
242.9735 164.5887
251.45283 169.16661
260.22808 173.12204
269.30956 180.86227
278.70797 188.10049
288.43436 191.50813
298.50019 199.07423
308.9173 209.02777
319.69795 220.53448
330.85482 225.08425
342.40105 234.87511
354.35021 233.40849
366.71639 244.7228
379.51412 249.91693
392.75846 260.49863
406.46501 279.22133
420.64989 288.36828
435.3298 297.9853
450.52201 299.41447
466.24441 322.26912
482.51548 322.22624
499.35439 338.95635
516.78094 349.96541
534.81564 363.6167
553.47973 376.22399
572.79515 384.42091
592.78465 392.1548
613.47175 418.50694
634.88079 419.7595
657.03696 448.77362
679.96635 469.18352
703.69592 478.6708
728.25362 498.46637
753.66834 520.66882
779.96998 524.05529
807.1895 537.58874
